0.39544583835926006
0.6045541616407399
A
0.08334228756005728
0.08523035022356329
0.08777408157044711
0.09069717974751274
0.09249314179328674
0.09465750630998875
0.10051028127967229
0.10370529556623241
0.10890678759623966
0.11487359190216283
0.11217197378202415
0.10808665352405471
0.10486971051898698
0.10050150979226925
0.09703457939621467
0.0928176868271995
0.08936610653410025
0.08697587621676976
0.08494527688296423
C
0.011481877010589378
0.01132179736548376
0.01146214116393252
0.011306447262528425
0.011078388590049186
0.010764807915390232
0.01112882464261671
0.010775772274644041
0.010370090982253088
0.010534556371060232
0.011198996541841092
0.011582749115724426
0.01142486234246957
0.01118583931073652
0.011236275363304044
0.011468719779484807
0.011516962960201568
0.01135907618694671
0.011495034241693949
D
0.06065264252022376
0.0615889988004991
0.06154514136348386
0.061391640333930526
0.06172276398339557
0.06181705747297834
0.06185872203814281
0.06005837424866728
0.06076667185646338
0.050626832418540296
0.05015317209877572
0.0475633904430259
0.04649107610800333
0.05003475701883458
0.050455788414180865
0.05112680720051401
0.05271006067676411
0.053999469325012116
0.05378237501178668
E
0.06813033553132189
0.07065213815969809
0.07179901013764657
0.07259282974762238
0.07617598235176734
0.07888198621560755
0.07984904270179355
0.08209015773327223
0.08821265594059949
0.09140986309901036
0.08723463509515968
0.07633606199687297
0.0710315049898799
0.07320464099398495
0.07152270828445056
0.06908204191455256
0.06977937516309485
0.06974428921348265
0.06751413854125779
F
0.040092276047480065
0.039627387215118534
0.039763345269865774
0.04004183999491254
0.039673437523984535
0.039870795990553105
0.0399058819401653
0.03984009578464244
0.038090184047734434
0.04147378531346007
0.04166675803632711
0.042765386833558836
0.04215357558719626
0.04009446891933082
0.04022384835852578
0.04096065330038178
0.03992561778682215
0.03953967234108806
0.040103240406733874
G
0.07042188661536808
0.0689351195005515
0.06694399186005968
0.06504935058100139
0.06266789175107396
0.058604500211612134
0.054049905377579636
0.04672790626788561
0.04169526537038702
0.03532497264392366
0.053874475629518685
0.05645987154156698
0.058374248667282136
0.061227174945123385
0.06265912026367092
0.06361082664690158
0.06452306133681854
0.0646634051352673
0.06492435688550796
H
0.022731309604997994
0.02246377923920504
0.022382642980726848
0.022080026665321707
0.022018626253500373
0.021619523576661703
0.021314714389405798
0.02096166202143313
0.020933154687373223
0.021253313977584464
0.022481322214011137
0.02230150672224866
0.022198441745262847
0.022687452167982756
0.022610701653206087
0.022538336882130944
0.022424307545891326
0.022696223655385803
0.022573422831743135
I
0.05648399313192536
0.05640943548899946
0.05667477298294165
0.0573742991033347
0.05651688620968679
0.05722518381748289
0.057608936391366224
0.05978865101102357
0.05695326770798841
0.058808437293732994
0.057961988759338896
0.06051010584992424
0.06092894437341976
0.05768568690614289
0.05773173721500889
0.059486034695618424
0.05912201796839194
0.05813961137925061
0.05921192571427318
K
0.052196928663685825
0.052484194876135634
0.05216622845777515
0.052462266157628015
0.053896404348026304
0.05497968304230269
0.05483933924385393
0.057593586288410895
0.06203634465805453
0.06589579911539549
0.06607561460715797
0.06612385778787473
0.06742642366722731
0.0673869519739136
0.06538047423046645
0.062722713547343
0.06206704486396519
0.060977187554136524
0.0583413555895207
L
0.0921729825030755
0.09207868901349274
0.09419481034947799
0.09669687713119733
0.09795558557353466
0.10024713665758087
0.10598149654732326
0.11203382285542615
0.11192637213473881
0.12148948627591152
0.1205575157393377
0.12304423241810172
0.12048295809641181
0.11253818338110139
0.10959096361367739
0.10883661569701528
0.10422719906671374
0.10008267126877372
0.09972304028524877
M
0.01925560772154036
0.01917447146306217
0.019637167423572934
0.0198981191738136
0.020060391690769983
0.020268714516592366
0.021027448176955985
0.02153400157448199
0.020963854893283892
0.022411150314786753
0.022426500417742086
0.022551494113235517
0.021987926047589704
0.020775267914118368
0.02011302061518827
0.019797247068678553
0.018955184277985978
0.018207414976876165
0.01807145692212893
N
0.040798380783425396
0.04085100970784368
0.04042778544064663
0.04000017542974806
0.03994096788977749
0.03943222162040073
0.038960754172486914
0.03714944202375758
0.03681612550244176
0.0335553250603588
0.03715602063930986
0.03750030151987948
0.03842130769719948
0.0399519322490313
0.03980500983503025
0.039114255202040246
0.039300649309355014
0.039491429160371294
0.039085747867980344
P
0.04600645142898494
0.045618313111400084
0.04467757108742322
0.043302640436995506
0.04181806619402969
0.039791852603925676
0.03772836019235872
0.03589511932512176
0.031785677476793936
0.024338684671606475
0.010672707297658231
0.018378458981235597
0.02506233238235791
0.03135806746589536
0.03448510272508185
0.03639290123524471
0.03796299748039025
0.03945634321075911
0.04076548770566397
Q
0.03576573988592681
0.03674814647506815
0.037441093979908906
0.03808360543218215
0.03936643546487787
0.04033787769476539
0.04020630538371968
0.04107906838032292
0.04340570541398131
0.04631126061624085
0.046947193452961805
0.04548016218480208
0.04303949581490407
0.04178955885996978
0.040497957339871014
0.03864936636967872
0.03835771441352739
0.037905982812270436
0.036445530159663
R
0.04869491231801905
0.049308916436232385
0.04956548244277153
0.050058878609192954
0.05152152413365115
0.052677167599002685
0.05238990138655287
0.05438760764259697
0.05735237038482708
0.05999697383684595
0.06053861318398414
0.060485984259565855
0.06103858796595786
0.05927771186979604
0.05764182946912765
0.055350278385081456
0.05433497871817869
0.0535455448519044
0.051330744282634864
S
0.05921850432982547
0.05961322126296261
0.05960883551926109
0.05916806827725794
0.0589290452455249
0.05791155270677137
0.057207640842676794
0.055451150490216504
0.05690283165542089
0.04953697510871162
0.050341759077941244
0.04773443444738533
0.048703683805422095
0.05060490370003267
0.05103470658278201
0.050940413093199244
0.05143161638776991
0.0521464926111183
0.05213772112371525
T
0.05303679858252763
0.05346440859342621
0.05368588865035316
0.05351045890229221
0.05304337719807992
0.052315343743626966
0.0507934906791982
0.04832431697524028
0.04649107610800333
0.04172596557629769
0.04121502643507016
0.04117994048545797
0.041379491823877304
0.042493470724064356
0.043499998903564076
0.04394734476111951
0.04455696313563132
0.04549112654405589
0.046155566714836754
V
0.06816761435278484
0.0670580211962993
0.06702732099038865
0.06674005477793883
0.06522039458536083
0.06502742186249377
0.06366345557131987
0.06374459182979805
0.060001359580547475
0.06177539290781386
0.05982373696063576
0.06212186666023424
0.06182144321667986
0.06107586678742081
0.06316567366119691
0.06633218061369711
0.06799437747657465
0.06833427261344274
0.06990656173043903
W
0.012988379972062813
0.01307828771794405
0.0130410088964811
0.013161616848273003
0.013185738438631385
0.013521247831797957
0.013887457430875197
0.014288752979564627
0.01404972994783158
0.01459136929496977
0.013683520348754339
0.013174774079377576
0.012946715406898335
0.01208053102584738
0.012115616975459572
0.012133159950265666
0.011613449321635093
0.011766950351188427
0.011876593943726522
Y
0.03283387022145813
0.032700105038561654
0.03239748872315651
0.03221548035954327
0.03202250763667622
0.032649668985994126
0.032643090370441843
0.03248081785348546
0.031682612499808124
0.03406626420158632
0.033818469682450225
0.03409915727934775
0.033783383732838033
0.03286676329921956
0.03287334191477184
0.03287772765847337
0.032287845130618414
0.03211680112625898
0.03241941744166413
-
0.025527221214719432
0.02159320911445256
0.017784190709679116
0.014168145027772722
0.010692443144315089
0.007398749624470695
0.004444951241494398
0.0020898068737761036
0.000657861555228574
0.0
0.0
0.0025196097565254386
0.006433886010135454
0.011179260695184235
0.016321545185220922
0.021814689171379513
0.027542470445569633
0.033360159465640984
0.03919100571681691
A
0.07838614730536861
0.0777607564360753
0.07669931321754996
0.07539689370076481
0.07479732172057077
0.07404427078850888
0.0707996970583679
0.06925486686059522
0.06645064862786948
0.06254769322569725
0.06364643039514375
0.06582095461039296
0.06748483857456782
0.06985157007533378
0.07162877027499985
0.0738276789966206
0.07548869419533998
0.07641530543745804
0.0771669219867922
C
0.012132009111199087
0.012327085162171311
0.012312741334893941
0.012507817385866166
0.0127459249186705
0.013057185970589417
0.012929525907820828
0.013270908997022221
0.013642414123506091
0.01353483541892582
0.0130371046124011
0.012714368498660287
0.012741621770487288
0.012836291030517926
0.012711499733204812
0.012456179607667636
0.012345732137631892
0.012334257075809997
0.012144918555748719
D
0.05462990056858932
0.054441996431255774
0.05484649236047759
0.05530549483335342
0.05542167983430011
0.055712859528030706
0.05598969539448394
0.057517312999523784
0.05743555318404278
0.06406813891709842
0.06393043817523567
0.06514105719744565
0.06543654003935946
0.06272268791848117
0.0620370529746229
0.06115490759706468
0.05967319023931241
0.058386548932532374
0.0580537721396974
E
0.0630812836004154
0.062011234085523635
0.061919433590948474
0.061940949331864524
0.06015370845310429
0.05897177708544905
0.058901492331789936
0.05799209368240471
0.05453810007401415
0.05244677005697368
0.054727438594075424
0.06135428679622011
0.06436362175901222
0.062378436063824295
0.06297370489583512
0.06404375441072689
0.06307124292132124
0.06261080606571767
0.0636091364442226
F
0.03968076378011486
0.04028894205667533
0.040519877675840976
0.04069630675135262
0.04130018187972988
0.0414952579307021
0.04177352817988307
0.04211491126908446
0.043537818934999514
0.04132456638610141
0.04106924626056423
0.040099603536614056
0.040197141562100164
0.04116821866877808
0.040765157122284
0.03992891199201336
0.04024734495757096
0.040198575944827904
0.03955597248280175
G
0.06979132600076883
0.0711683334193963
0.07292258349541858
0.07457786116322701
0.07655157179659305
0.07959676632757859
0.08296900012048815
0.08821453775582216
0.09200417692250316
0.096171058746579
0.08356857210068219
0.08153892054093441
0.07993814941677999
0.07768903729968846
0.07637657710380914
0.0753495590707495
0.07428955023495189
0.07371005961294616
0.072958443063612
H
0.022430877096350357
0.022763653889185328
0.022967336236523975
0.023327366301185946
0.0235195735867027
0.023931241429563203
0.024319959148779914
0.024718717547090784
0.024910924832607536
0.024701504954357942
0.02376198426769024
0.023737599761318715
0.023647233649471286
0.023175321732045832
0.023072046175648772
0.022971639384707185
0.022876970124676547
0.02253702141820289
0.022417967651800725
I
0.05732940886219025
0.05793471837329524
0.0582789702279521
0.05834925498161121
0.05941213258286429
0.0593891824592205
0.05960003672019783
0.05855580609440533
0.060720289630560385
0.059506801842894926
0.059800850302081
0.05766505442048069
0.05682020299384363
0.058320567327056476
0.05763636676592595
0.05586490409717083
0.05547618637795411
0.05559380576162854
0.05438892427032951
K
0.05537434520428479
0.05568704063893144
0.056431485274626915
0.05677286836382831
0.05642718212644371
0.05631243150822475
0.05696220688388959
0.055722900207124865
0.05349673821367713
0.0509722246128601
0.05039990590449306
0.049675542626985904
0.048341566690190546
0.04793420199551325
0.04882638805216563
0.050111594976217935
0.05009438238348509
0.05039273399085437
0.05169228474218405
L
0.09024705808102541
0.09111055648312305
0.09059417870113776
0.08981244011452112
0.08986264350999192
0.08922721196160445
0.08631254625884296
0.08316694493691584
0.08395011790626022
0.0776947748305994
0.07791853853612636
0.07570528598722825
0.07664910982207916
0.0811071713398856
0.08224607122570873
0.0819807104210774
0.08421834747634703
0.08611890459059848
0.0856183050186183
M
0.01685973458182006
0.017047638719153598
0.01688268470546385
0.016848259519998163
0.016889856619102535
0.016895594150013484
0.016514048344435456
0.01629602216981944
0.016779409149066792
0.015832716548760405
0.014632138205644582
0.01444566845103878
0.014722504317492011
0.015421048705899902
0.015758128646918085
0.015848494758765513
0.016278809577086596
0.016641708407204043
0.016607283221738357
N
0.039973377856573206
0.040210051006649795
0.04073503508500152
0.04130161626245761
0.0415999678698269
0.04215363960273336
0.04275608034838288
0.04426648536068988
0.044864622958156186
0.04699755007430102
0.0442865667188782
0.04370133856596153
0.042783333620209876
0.04152394558525684
0.04135899157156709
0.04154115817798969
0.041161046755139395
0.04073933823318473
0.040714953726813205
P
0.04275464596565514
0.04329971140219518
0.04418472554520887
0.04538386950559696
0.046697764084204
0.04834300107291828
0.050042744605286564
0.05166359708762931
0.05483788606411117
0.05970904980750584
0.06817621104933703
0.06259359347298483
0.057677963865030324
0.053116626790826835
0.0506652667091244
0.049058758054059015
0.04768031625270381
0.046396543711379246
0.04517875277553058
Q
0.034440963675691806
0.034098146203762676
0.03392888904188971
0.03378258200366054
0.03322460712257087
0.03287892088518627
0.03325329477712561
0.03299080273794975
0.03175866797482371
0.029858110860572263
0.029165304003075317
0.02981221061328468
0.031101720685520192
0.03163244229478286
0.03216029513859006
0.03308547199798039
0.033009449713410334
0.033043874898876016
0.033692215891813114
R
0.04932411885869035
0.04933989706869546
0.049641117441520215
0.04979889954157128
0.049275349845947294
0.04895404811493422
0.049631076762426056
0.048796266014883155
0.04737622711442358
0.04564636154477282
0.044979373576375145
0.044603565301708066
0.043824695480546905
0.04461934351171317
0.04530067530738822
0.04643240327957267
0.04673362365239743
0.0468799306906266
0.04791412063732493
S
0.05432581143030908
0.05444916834489446
0.054809198409556434
0.0554446299579439
0.05599256415993941
0.057046835464826064
0.057964840410577714
0.059554136472910246
0.05913816548186653
0.06395625706433493
0.06281018526487311
0.0639935510152561
0.06287473248762128
0.06115060444888147
0.06042050364046336
0.06009489876126708
0.05933754468102197
0.05841953973527032
0.05796770917603319
T
0.050636579054569655
0.05077714856188788
0.051013821711964474
0.0514886023948454
0.05212977147414382
0.05296314783895898
0.05434015525758645
0.05633825039732401
0.0578558273232697
0.06097274099064209
0.06083504024877934
0.0603287031458882
0.05967032147385694
0.05844822738982506
0.05732940886219025
0.05661795502923272
0.05580752878806135
0.05474895433499148
0.0538567682783391
V
0.0698171448898681
0.07113534261665835
0.07168184243592612
0.07245210596072087
0.0740256238130483
0.07475429023873865
0.07619154173193109
0.07667349432845069
0.07951070336391437
0.07835028773717519
0.07931275854748668
0.07730749149411043
0.07687717667578935
0.0767007476002777
0.07463236770688102
0.07185540274598229
0.0701513560654308
0.06930363587333827
0.06769712721827288
W
0.012896535105082879
0.012966819858741988
0.013117430045154367
0.013171936588808372
0.013288121589755064
0.013183411650630267
0.013057185970589417
0.012908010166904774
0.013176239736991583
0.012821947203240558
0.013374184553419282
0.013622332765317774
0.013676839308971777
0.01414444807821402
0.014036869373633751
0.013919249989959321
0.01417313573276876
0.013968019002702376
0.01382601511265642
Y
0.03382991663367586
0.03418994669833784
0.03466903052940198
0.03507065769316832
0.03548089115330109
0.03537044368326534
0.03568027035245652
0.03607185683712871
0.036806260793730027
0.035247086768679964
0.03528868386778434
0.03486840972855741
0.03482107509854209
0.03517393324956538
0.0349028349140231
0.03464894917121366
0.03478521553034867
0.03462599904756987
0.03417847163651594
-
0.05205805233775697
0.04699181254339008
0.04184381293354218
0.03656958764365343
0.031203561859189516
0.025718482308323437
0.02001107343465813
0.013912078076320637
0.007209207589605889
0.007639522407926973
0.015279044815853945
0.021270461469611167
0.026349610708527694
0.030885128893631913
0.03516102380501575
0.039207417479961676
0.04310033220303974
0.0469344372342806
0.05075993596915503
